[28, 68, 79, 72, 66, 57, 95, 13, 73, 39]
[28, 68, 72, 79, 66, 57, 95, 13, 73, 39]
[28, 68, 72, 66, 79, 57, 95, 13, 73, 39]
[28, 68, 72, 66, 57, 79, 95, 13, 73, 39]
[28, 68, 72, 66, 57, 79, 13, 95, 73, 39]
[28, 68, 72, 66, 57, 79, 13, 73, 95, 39]
[28, 68, 72, 66, 57, 79, 13, 73, 39, 95]
[28, 68, 66, 72, 57, 79, 13, 73, 39, 95]
[28, 68, 66, 57, 72, 79, 13, 73, 39, 95]
[28, 68, 66, 57, 72, 13, 79, 73, 39, 95]
[28, 68, 66, 57, 72, 13, 73, 79, 39, 95]
[28, 68, 66, 57, 72, 13, 73, 39, 79, 95]
[28, 66, 68, 57, 72, 13, 73, 39, 79, 95]
[28, 66, 57, 68, 72, 13, 73, 39, 79, 95]
[28, 66, 57, 68, 13, 72, 73, 39, 79, 95]
[28, 66, 57, 68, 13, 72, 39, 73, 79, 95]
[28, 57, 66, 68, 13, 72, 39, 73, 79, 95]
[28, 57, 66, 13, 68, 72, 39, 73, 79, 95]
[28, 57, 66, 13, 68, 39, 72, 73, 79, 95]
[28, 57, 13, 66, 68, 39, 72, 73, 79, 95]
[28, 57, 13, 66, 39, 68, 72, 73, 79, 95]
[28, 13, 57, 66, 39, 68, 72, 73, 79, 95]
[28, 13, 57, 39, 66, 68, 72, 73, 79, 95]
[13, 28, 57, 39, 66, 68, 72, 73, 79, 95]
[13, 28, 39, 57, 66, 68, 72, 73, 79, 95]
